250.28119231401695 195.71554207216835 490.84419077022363 413.8369026557637 206.3625597537233 
548.9876375232562 538.7152054381462 76.74161839238059 603.5601099802642 156.3691927559812 
163.9043940691967 376.7330535216982 294.0398655485389 75.16369210004834 96.67960165868821 
261.58370018993446 410.9360630074356 101.82982775707006 167.33573447671859 179.55160427168903 
608.3701097529179 365.2446109789371 599.137391941231 73.90684361020672 502.4340645298006 
389.4854168229168 586.210235526195 374.7114597190572 268.60707785456714 269.0999402267747 
486.8497913750467 205.82149994103162 501.073758367854 349.83255164406614 312.71656433864166 
375.07998128707305 389.41315619881146 157.77609703811973 544.3860125863622 265.6695983539297 
618.1270208959317 469.91761706381385 53.72234544624884 96.59376749627924 144.47626193501299 
569.0469095362622 463.5447875001171 370.254816240967 160.09422912571893 275.99668270676125 
25.055052542457794 75.0982543359313 491.84553976172265 302.1828881689856 443.49481795057795 
161.29149285697068 247.39937828993416 615.4141999628561 432.50187601955497 357.4061310492077 
260.9857762967298 261.93925105080825 327.6338735088672 346.0723606106892 244.8038567012094 
437.700383627512 239.52815949208153 266.57433440372586 501.550608067933 151.7627524255367 
177.16668404889845 462.35508953454706 203.5390611704486 374.8873899565178 521.7146690566123 
541.4000193083692 593.8745097139878 316.2171667276337 181.40160469997923 367.46742588592537 
615.1576786410798 221.04422408051002 107.91363717337526 350.135054271239 221.18341487323315 
32.62764728947221 204.76588778319055 351.6312065119142 377.1037815606955 211.03037230866005 
608.1234604703064 278.41941273764746 303.52420668936225 351.9436780625273 470.53995959254763 
175.50509251534515 470.001598409283 398.46829790237604 128.08225263521473 191.4333038459568 
193.41290359025027 388.8209089251498 81.31018793087989 331.94603563314854 446.663151609023 
232.93450974637545 570.5800601710795 70.26797554604106 433.2015626916803 560.9217002333364 
276.14056508352576 431.9894639159895 32.814508005801706 436.36950343046846 23.489924298761604 
522.515310779775 574.1640572881624 477.4343989662368 124.46307824207399 415.04831634928706 
139.5409146136848 278.70647192404004 534.5175610193631 267.07622119389896 157.30043785819936 
176.81135987744358 556.6868433740756 83.33076101272539 587.4505469311041 152.7186562031286 
372.66994096818087 493.1877176858541 155.8601760973414 213.72575188520025 231.52598018698302 
260.4766101893031 242.557124638613 148.08553699577655 476.4424963690058 193.6687516599035 
379.58406399126324 295.2470737056051 340.0462415973625 474.4126067675063 463.8812292753225 
324.67771118346104 188.72515625444188 172.38485828597686 340.6649512131448 366.2354904875196 
