432.0027782455847 70.16538886898692 168.5881283523931 318.43196053144476 391.53435693848326 
158.7472116801053 396.3855624950476 85.55203290144425 328.68794284889253 285.88866855772943 
456.3423512022406 35.30486689423456 378.47118389508944 419.16548806906866 51.735351003055364 
210.7468484455406 310.4470650208537 134.46130390161775 180.3595807588451 217.65786499153455 
237.67484027018537 487.66656365168075 44.5953973207988 402.10260404080253 300.65716724745266 
109.9185927034103 285.1144104160078 428.29086801298246 429.808909270252 286.1486664014972 
454.24007983779387 329.0026402692415 414.96328845174435 401.7014463943901 269.97839598632606 
225.8434826602142 135.43106736129835 266.7926827799529 316.73435214199776 41.59582442792286 
429.1282301586566 453.57057145805356 483.72991126610503 151.93189042536613 204.288045741422 
405.54659009089625 57.138911215687806 48.753750259201524 22.272868317081908 204.1612579549426 
506.95470429933135 212.42628474797985 505.00139775188325 502.2505946564621 134.60606074246698 
15.168510323166398 45.50717606558057 259.1788161268148 372.3370016038083 102.86899443547003 
425.1436736206312 37.40290503376441 150.36614659081746 327.5910521881651 65.95180470479305 
245.23468715718298 372.8412758434501 428.0331331596729 271.7054309466668 335.56606949189637 
168.60462780413727 280.2102786268908 436.15036071230213 95.32304554900011 207.7846508697056 
165.62203207450509 321.95274192382436 285.4140081343955 500.22977937196873 129.17264967416276 
138.87218881014056 15.938165065680401 216.79988825275376 124.10910910273631 274.6753872937777 
366.4195794796932 199.5310230571299 266.2424914373668 157.30590322881258 385.83235824565287 
451.689055885312 144.71855859677473 351.82559919252986 232.1829012916748 23.727867652296275 
261.6028812743948 120.64349207918578 336.4145006663165 336.16774827389486 297.5464702179863 
300.54753542961055 100.40016116473947 105.40950709480694 25.79716521843766 475.05504326102744 
263.7892032873335 163.50004105674864 321.822745838285 45.59730266075706 199.4731515566493 
87.86497585685775 340.8111411772458 430.05408818289425 22.436703653775638 182.0239152528505 
60.313520166062055 242.1536141357553 21.759361631102692 473.3040217985633 10.295814774597392 
430.25359682098923 50.53321146351252 18.567475342228235 137.86428253683945 479.01907829615095 
133.46274884461417 433.96853629640594 378.93082096623397 402.5125756882107 176.9120251485175 
189.75566687966648 134.0835620329066 382.2121741021848 291.1650971454403 336.13461242758643 
470.92842574858514 28.473309691587612 359.66516242506015 451.20769108218605 500.1672765147785 
368.9497081979862 114.99803256507023 227.00528708963208 497.6782159937021 292.48921435048794 
106.3857320554936 234.62495620281325 469.8637418391846 302.02007056469967 68.45561797118248 
